0 95
0 25
0 17
0 27
0 75
1 76
1 11
1 95
1 36
1 64
1 79
1 41
1 60
1 47
1 74
1 99
1 19
1 40
1 15
1 59
1 98
2 27
2 76
3 64
3 6
3 66
3 60
3 11
3 78
3 5
3 70
3 57
3 84
3 54
3 93
3 72
4 19
4 58
4 18
4 11
4 85
4 73
4 36
4 60
4 16
4 32
4 24
4 88
4 35
4 96
4 26
4 56
4 25
5 73
5 38
5 58
5 55
5 90
5 27
5 36
5 13
5 20
5 84
5 64
5 60
5 77
5 15
5 93
5 68
5 37
5 19
5 10
6 28
6 77
6 44
6 67
6 13
6 11
7 68
7 29
7 35
7 65
7 43
7 26
7 24
7 53
7 95
7 14
7 25
7 36
7 86
7 60
7 71
7 22
8 27
8 46
8 6
8 51
8 98
8 15
8 76
8 68
8 73
8 36
8 33
8 61
8 59
8 24
8 48
8 91
8 66
8 50
8 64
8 77
8 99
8 37
8 86
8 78
9 39
10 12
10 22
11 94
11 45
11 41
11 82
11 64
11 56
11 20
11 14
11 55
11 68
11 93
11 1
11 48
11 43
11 60
11 4
11 87
11 0
11 92
11 59
11 91
11 61
11 66
11 62
11 63
11 69
11 28
11 65
11 80
12 7
12 96
12 43
13 48
13 29
13 95
13 67
13 50
13 35
13 58
13 51
14 97
14 84
14 96
14 30
14 13
14 31
14 0
14 16
14 61
14 46
14 59
14 29
14 41
14 18
14 50
14 64
14 19
14 86
14 82
14 15
14 94
14 34
14 99
14 98
14 23
14 68
14 47
15 86
15 83
15 29
15 30
15 68
15 52
15 20
15 39
15 41
15 60
15 33
15 23
15 91
15 21
15 84
15 13
15 55
15 8
15 5
15 46
15 93
15 34
15 62
15 6
15 0
15 97
15 66
15 27
15 82
15 92
16 45
16 68
16 64
16 56
16 22
16 24
16 14
16 58
17 65
17 28
17 5
17 7
17 38
17 91
17 95
17 44
17 35
17 77
17 51
17 90
17 13
17 88
17 36
17 68
17 81
17 79
17 15
17 14
17 72
17 11
17 86
17 74
17 43
17 73
17 22
17 71
17 1
17 66
17 42
17 98
17 52
17 30
17 80
17 49
17 6
18 74
18 34
18 15
18 63
18 41
18 30
18 38
18 73
20 53
20 60
20 12
20 27
20 97
20 40
20 94
20 29
21 53
21 32
22 98
22 12
22 10
22 78
22 0
22 29
22 61
23 78
23 68
23 85
23 27
23 41
23 28
23 55
23 47
23 18
23 54
23 32
23 31
23 40
23 42
23 12
24 59
24 22
24 88
24 28
24 93
24 37
24 58
24 62
24 45
24 90
24 34
24 99
24 11
24 6
24 15
24 23
24 76
24 44
24 74
24 86
24 81
24 92
24 8
24 60
24 12
24 75
24 5
25 87
25 94
25 13
25 12
26 84
26 41
26 80
26 60
26 51
26 72
26 34
26 62
26 35
26 49
26 88
26 4
26 45
26 43
26 97
26 56
26 98
26 5
26 93
26 46
26 32
26 63
26 42
26 6
26 57
26 96
26 16
26 48
26 71
26 74
26 70
26 40
26 99
26 59
27 72
27 14
27 56
27 38
27 51
27 97
27 57
27 24
27 6
27 74
28 44
28 0
28 25
28 13
28 21
28 94
28 19
28 84
28 15
28 95
28 8
28 79
29 30
29 70
29 87
29 45
29 88
29 28
30 76
30 67
30 37
30 70
30 97
30 22
30 84
30 78
30 4
30 7
30 63
30 57
30 94
30 99
30 6
30 65
30 39
30 58
30 54
30 50
30 40
30 14
30 18
30 53
30 21
30 3
30 29
31 42
31 76
31 41
31 2
31 73
31 4
31 69
31 13
31 91
31 95
31 53
31 79
31 10
31 56
31 96
31 29
31 23
31 6
31 92
31 32
31 45
31 62
31 97
31 61
31 93
31 14
31 81
31 12
31 52
31 39
31 35
32 84
33 54
33 47
33 22
33 55
33 37
33 68
33 32
33 61
33 42
33 78
33 9
33 90
33 72
33 35
33 24
33 56
33 67
33 1
33 91
33 58
33 18
33 44
33 94
33 95
33 80
33 27
33 13
33 98
33 46
33 23
33 62
33 96
33 65
33 63
33 30
33 70
33 15
33 74
33 20
33 10
33 26
33 21
33 77
34 16
34 1
34 46
34 37
34 98
34 65
34 59
34 51
34 42
34 85
34 62
34 81
34 33
34 64
34 6
34 14
34 38
34 96
34 93
34 75
34 18
34 60
34 36
34 3
34 69
34 63
34 31
35 58
35 84
35 51
35 80
35 0
35 30
35 31
35 89
35 4
35 49
35 55
35 14
35 6
35 83
35 47
35 93
35 73
35 7
35 19
35 29
35 72
35 94
35 81
35 64
35 96
35 99
35 62
35 20
35 40
35 23
35 53
35 32
35 85
35 11
35 48
35 68
35 60
35 70
35 66
35 12
35 17
35 24
35 25
35 74
35 34
35 61
35 44
35 88
35 57
35 77
35 69
35 98
35 92
35 27
35 9
35 1
35 63
35 10
35 65
36 96
36 72
36 88
36 76
36 93
36 57
36 69
36 83
36 28
36 9
36 5
36 78
36 74
36 63
36 31
36 42
36 19
36 59
36 90
36 8
36 30
36 89
36 38
36 27
37 7
37 38
37 17
37 82
37 68
37 61
37 3
37 18
37 42
37 89
37 60
37 98
37 16
37 13
37 77
37 45
37 56
37 65
38 25
38 3
38 34
38 8
39 3
39 93
39 98
39 97
39 11
39 45
39 8
39 46
40 14
40 47
40 41
40 84
40 43
40 39
40 46
40 0
40 16
40 21
40 48
40 73
40 95
40 32
40 25
40 50
41 84
41 95
41 59
41 29
41 75
41 86
41 13
41 61
41 28
41 54
41 37
41 72
41 97
41 21
41 10
41 88
41 26
41 47
41 44
41 94
41 22
41 17
41 99
41 9
41 65
41 30
41 11
41 66
41 90
41 64
41 83
41 46
41 78
41 70
41 55
41 49
41 68
41 25
41 42
41 36
41 15
41 32
41 34
41 7
42 35
42 97
42 48
42 33
42 2
42 73
42 30
42 69
42 24
43 64
43 25
43 86
43 73
43 27
43 28
43 36
43 92
43 23
43 4
43 15
43 5
43 69
43 94
43 72
43 62
43 2
43 11
43 57
44 21
44 45
44 31
44 34
44 41
44 12
44 2
44 91
44 9
44 24
44 93
45 58
45 73
45 42
45 2
45 72
45 63
45 13
45 44
45 36
45 57
45 17
45 87
45 94
45 43
45 96
45 8
45 67
45 82
45 81
45 26
45 78
45 76
45 77
45 86
45 99
45 37
45 24
45 64
45 50
45 49
46 74
47 49
47 45
47 77
47 57
47 15
47 22
47 78
47 53
47 29
47 50
47 19
47 5
47 66
47 80
47 55
47 99
47 0
47 27
47 25
47 86
47 17
47 39
47 1
47 69
48 18
48 32
48 73
48 47
48 60
48 71
48 72
48 12
48 5
48 40
48 24
48 45
48 35
48 41
48 49
48 16
48 2
48 52
48 59
48 23
48 21
48 46
48 93
48 19
48 33
48 94
48 29
48 58
48 0
48 74
48 28
49 84
49 52
49 31
49 24
49 46
49 12
49 11
49 13
49 62
49 60
49 8
50 76
50 80
50 69
50 12
50 28
50 56
50 48
50 74
50 84
50 5
50 41
50 35
50 2
50 72
50 9
50 19
50 39
50 90
51 94
51 71
51 3
51 98
51 63
51 93
51 7
52 74
52 43
52 64
52 3
52 85
52 38
52 12
52 84
52 27
52 89
52 60
52 20
52 56
52 22
52 91
52 10
52 79
52 86
52 94
52 9
52 76
52 40
52 32
52 99
52 34
52 21
52 62
52 88
52 37
52 36
52 59
52 8
52 14
52 25
53 18
53 89
53 20
53 21
53 33
53 47
53 31
53 9
53 1
53 96
53 78
53 16
53 75
53 34
53 35
54 53
54 75
54 71
54 41
54 77
54 10
54 96
55 32
55 37
56 23
56 80
56 4
56 33
56 27
56 72
56 5
56 71
56 25
56 86
56 41
56 36
56 37
56 78
56 62
56 61
56 87
56 44
56 64
56 53
56 19
56 2
56 10
56 84
56 55
56 12
56 21
56 90
57 3
57 72
57 96
57 63
57 41
57 36
57 43
57 91
57 37
57 19
58 91
58 45
59 96
59 7
59 86
60 37
61 33
61 9
61 52
61 46
61 0
61 43
61 78
61 80
61 48
61 88
61 32
61 89
63 21
64 82
64 95
64 17
64 15
64 99
64 35
64 32
64 47
64 92
64 7
64 19
64 89
64 22
64 68
64 50
65 30
65 21
65 58
65 52
65 66
65 51
65 12
65 20
65 91
65 88
65 40
65 76
65 2
65 89
65 37
65 33
65 1
65 73
65 7
65 46
65 82
65 36
65 44
65 9
65 47
65 45
65 59
65 0
65 27
65 22
65 53
65 43
65 23
65 72
65 95
65 49
65 15
65 99
65 83
65 14
65 84
65 16
65 50
65 25
65 3
65 62
65 68
65 18
66 98
66 43
66 0
66 95
66 20
66 25
67 72
67 39
67 56
67 62
67 52
67 11
67 79
67 59
67 29
67 96
67 86
67 5
67 7
67 93
67 53
67 16
67 94
67 17
67 92
67 31
67 46
67 44
67 71
67 40
67 41
67 14
67 90
67 33
67 6
68 98
68 86
68 97
68 35
68 10
68 32
68 61
68 43
69 89
69 42
69 88
69 81
69 12
69 94
69 62
69 93
69 57
69 86
69 31
69 24
69 50
69 83
69 68
69 84
69 28
69 82
69 96
69 22
69 29
69 98
69 63
69 13
69 1
69 2
69 97
69 45
69 14
69 43
70 10
70 84
70 95
70 60
70 97
70 3
71 41
71 65
72 47
72 51
72 17
72 64
73 42
73 37
73 28
73 41
73 68
73 26
73 95
73 4
73 96
73 52
73 17
73 87
73 43
73 53
73 61
73 57
73 5
73 40
73 1
73 84
73 72
74 24
74 68
74 75
74 44
74 45
74 19
74 93
74 54
74 36
75 34
75 65
75 31
75 43
75 96
75 53
75 82
75 85
75 25
75 16
75 78
75 23
75 11
75 36
75 86
75 63
75 3
75 0
76 46
76 99
76 73
76 22
76 84
76 10
76 61
76 16
76 60
76 14
76 23
76 26
76 40
76 64
76 28
76 11
76 43
76 18
76 55
76 51
77 38
77 45
77 30
77 72
77 55
77 60
77 64
77 58
77 33
77 21
77 31
77 93
77 98
77 1
78 73
78 27
78 30
78 93
78 24
78 87
78 55
78 96
78 61
78 60
78 21
78 42
78 89
78 7
78 71
78 59
78 16
79 28
79 38
79 81
79 35
79 63
79 87
79 37
79 3
79 14
79 57
79 95
79 2
79 22
79 1
79 45
79 88
79 74
79 73
79 82
79 83
79 78
79 7
79 26
79 10
79 97
79 64
79 24
79 31
79 52
79 65
79 85
79 8
79 4
80 32
80 66
80 98
80 10
80 75
80 40
80 69
80 4
80 68
80 71
80 54
80 11
80 0
80 36
80 17
80 89
80 33
80 58
80 48
80 97
80 53
81 9
81 32
81 50
81 0
81 83
81 82
81 74
81 52
81 63
81 54
81 67
81 79
81 42
81 17
81 2
81 72
81 76
82 48
82 96
82 65
82 34
82 5
82 39
82 75
82 67
82 4
82 35
82 51
82 20
82 13
82 38
82 43
82 3
82 60
82 85
82 16
83 10
83 91
83 14
83 58
83 53
83 46
83 89
83 67
83 52
83 7
84 9
84 52
84 71
84 63
84 82
84 62
84 77
84 97
84 98
84 81
84 89
84 23
84 4
84 68
84 11
84 34
84 2
84 17
84 58
84 92
84 78
84 88
84 22
84 54
84 18
84 96
85 54
85 18
85 58
86 13
86 90
87 2
87 52
87 58
87 8
87 23
87 86
87 74
87 32
87 19
87 33
87 63
87 0
87 38
87 69
87 35
87 75
87 85
87 82
88 77
89 51
89 39
89 87
89 11
89 0
89 20
89 6
89 35
89 10
89 97
89 8
89 54
89 29
89 86
89 99
89 1
89 36
89 75
89 9
89 77
90 42
90 65
90 69
90 17
90 95
90 53
90 46
90 26
90 3
90 77
90 81
90 87
90 48
90 37
90 54
90 36
90 10
90 2
90 78
90 59
90 38
91 41
91 9
91 80
91 27
91 95
91 42
91 22
91 8
91 72
91 65
91 52
91 78
91 31
91 12
91 4
91 25
91 51
91 38
91 53
91 7
91 23
91 75
91 24
91 70
91 86
91 20
91 85
92 55
92 7
92 52
92 17
92 58
92 40
92 88
92 3
92 25
92 9
92 31
92 48
92 49
92 32
92 42
92 63
92 5
92 41
92 72
93 2
93 18
94 85
94 19
94 65
94 84
94 43
94 54
94 76
94 51
94 67
94 74
94 71
94 6
94 98
94 30
94 42
94 5
94 89
94 82
94 78
94 48
94 26
94 99
94 95
94 3
94 13
94 21
94 81
94 35
94 4
94 57
94 10
95 26
95 77
95 40
95 68
96 12
96 4
96 87
96 26
96 46
96 85
96 92
96 27
97 63
98 6
98 68
98 29
98 2
98 93
98 92
98 72
98 9
98 17
98 3
98 44
98 54
98 24
98 87
98 12
98 41
98 19
98 30
98 90
98 70
98 91
98 15
98 37
98 49
98 79
98 40
98 4
98 33
98 47
98 73
98 55
98 46
98 7
99 77
99 34
99 32
99 94
99 88
99 2
99 24
99 12
99 36
99 63
99 60
99 37
99 5
99 98
99 67
