0 4 0
1 6 0
2 13 0
3 9 0
4 14 0
5 2 0
6 19 0
7 14 0
8 14 0
9 0 0
10 4 0
11 1 0
12 4 0
13 18 0
14 19 0
15 5 0
16 11 0
17 15 0
18 7 0
19 1 0
20 5 0
21 9 0
22 1 0
23 5 1
24 7 0
25 12 0
26 10 0
27 19 1
28 2 0
29 12 0
30 18 0
31 17 0
32 13 0
33 11 0
34 16 1
35 18 0
36 9 0
37 19 0
38 1 0
39 5 0
40 1 0
41 8 0
42 0 0
43 3 0
44 11 0
45 9 1
46 6 0
47 1 1
48 20 0
49 6 0
50 18 0
51 6 0
52 20 0
53 16 0
54 5 0
55 0 0
56 2 0
57 12 0
58 17 0
59 10 0
60 4 0
61 4 0
62 5 1
63 19 0
64 8 0
65 10 0
66 17 0
67 15 0
68 1 0
69 16 0
70 8 0
71 6 0
72 11 0
73 0 0
74 12 0
75 19 0
76 20 1
77 11 0
78 16 0
79 12 0
80 16 0
81 4 1
82 3 0
83 18 0
84 2 0
85 12 0
86 19 0
87 15 0
88 19 0
89 16 0
90 1 0
91 15 0
92 3 0
93 0 0
94 13 0
95 1 0
96 2 0
97 9 0
98 6 0
99 17 0
