0 89 141 201 53 21 91 72 280 125 40 205 244 200 147 
1 119 35 
1 79 253 
1 294 194 252 97 
1 210 146 232 186 80 28 62 44 66 99 119 22 114 28 
1 124 206 149 104 271 42 263 149 
1 248 57 113 191 15 
5 288 52 143 
5 244 232 162 
6 66 220 
8 200 
8 162 14 270 172 
8 271 269 169 262 187 261 
8 94 291 
8 270 
8 55 40 
8 47 
8 86 
8 214 137 190 158 
8 150 223 154 
8 23 96 
12 61 156 140 119 291 210 172 
12 119 203 247 250 80 6 116 89 124 
13 77 204 112 110 255 294 
14 51 3 96 285 
14 241 
15 286 150 179 163 276 274 213 33 123 22 
15 259 56 200 
16 48 193 229 34 131 
18 71 277 228 148 
18 98 
18 34 
18 215 
18 98 75 49 265 189 
18 91 
18 153 27 191 246 133 28 2 246 286 224 69 13 
18 223 158 
18 86 
19 280 
19 33 
19 62 44 273 55 
19 25 265 164 112 
19 277 33 147 99 103 205 
21 30 230 285 
23 43 114 154 122 135 
23 78 
23 170 
23 235 
23 113 
23 143 292 
23 243 230 90 81 139 
23 30 
24 241 
26 58 
26 124 40 
28 284 143 166 
28 21 128 193 213 
28 259 157 138 293 209 253 164 
28 111 210 38 96 
28 43 41 
30 226 209 
31 4 124 98 
31 220 228 
31 170 116 153 32 1 223 2 121 215 141 
31 146 154 236 29 17 190 179 290 
32 248 198 224 
32 7 20 
32 281 
32 149 257 
32 99 244 63 238 21 96 241 
32 227 38 233 
32 13 
33 68 64 48 200 168 177 247 219 230 
33 2 85 
35 54 
35 252 273 224 
37 154 189 
37 109 
37 248 
38 40 215 62 
38 283 
39 70 89 142 
39 79 262 72 
39 224 
39 190 159 202 
40 216 
40 41 141 
42 81 45 187 128 295 52 125 119 26 100 191 
42 18 287 
42 220 
43 196 239 220 
43 120 144 2 15 72 74 
43 43 150 
43 122 
43 246 126 181 
43 156 
43 134 198 274 24 233 258 87 217 290 
44 234 202 279 294 
44 191 
46 96 70 254 257 269 199 
46 270 34 7 
46 250 
46 206 
47 129 208 29 5 271 
47 0 85 
48 87 
49 294 85 239 
49 222 164 
50 245 
50 12 25 
50 104 183 87 104 
51 156 
52 22 
53 82 243 104 215 225 
53 27 254 39 
54 268 259 29 12 26 176 288 24 152 192 
54 18 107 281 30 
55 294 
56 150 
56 6 261 12 
56 52 101 
57 240 102 
57 68 
57 260 211 13 249 
57 246 
57 254 
57 166 
57 297 217 176 205 
58 129 
58 13 160 
58 56 
58 40 
58 185 266 3 90 
58 184 
60 237 101 18 184 
60 207 117 65 
60 98 217 158 185 212 91 295 190 34 77 
63 209 181 262 256 94 156 
63 167 
64 44 16 178 
64 181 
65 66 
65 167 
65 276 
66 191 22 84 158 192 142 90 
66 204 
66 5 253 
67 30 
68 282 
68 277 108 289 
68 32 
68 53 2 
68 153 133 
70 32 284 49 258 25 
70 131 
70 64 173 
70 127 190 109 290 53 129 
72 111 285 193 
72 140 27 192 0 
72 191 
73 214 176 263 
73 269 190 21 266 265 
75 278 263 128 211 
75 48 138 264 99 9 118 
75 114 229 152 44 
75 197 
75 232 
75 101 110 
75 110 291 295 75 162 204 
75 239 5 84 51 124 
75 176 
75 285 260 
77 134 202 
77 198 25 
77 256 163 
77 121 201 216 135 
79 243 216 82 26 276 
79 21 254 
79 289 46 218 
79 171 
79 55 116 226 65 50 104 82 
79 70 183 251 9 
80 187 237 237 233 
80 251 111 222 236 48 146 40 0 73 154 
80 123 262 
80 140 153 219 19 213 65 
80 274 172 269 96 
80 205 221 258 
80 273 169 297 152 
80 162 104 
80 164 29 
81 200 143 
82 15 
85 164 235 
89 280 285 157 26 6 
89 188 217 59 82 227 206 16 221 
89 125 255 11 
89 240 
89 207 35 
89 94 283 205 
90 179 246 
91 287 52 230 279 
92 243 
92 266 
93 262 3 168 128 78 
94 247 223 185 215 
94 95 176 250 133 
94 149 66 120 155 142 151 264 211 
94 290 
96 66 295 215 
99 234 91 46 4 108 
99 224 
